32 116 -> 256
104 101 -> 257
32 97 -> 258
105 110 -> 259
256 257 -> 260
101 114 -> 261
111 110 -> 262
32 44 -> 263
114 101 -> 264
32 115 -> 265
32 111 -> 266
32 119 -> 267
101 100 -> 268
117 110 -> 269
32 46 -> 270
97 116 -> 271
110 100 -> 272
111 114 -> 273
32 99 -> 274
105 116 -> 275
32 102 -> 276
101 110 -> 277
105 115 -> 278
266 102 -> 279
101 115 -> 280
32 98 -> 281
32 259 -> 282
97 114 -> 283
269 107 -> 284
97 110 -> 285
32 60 -> 286
97 108 -> 287
258 272 -> 288
32 112 -> 289
259 103 -> 290
97 115 -> 291
256 111 -> 292
32 109 -> 293
114 111 -> 294
105 99 -> 295
32 100 -> 296
32 104 -> 297
105 262 -> 298
108 101 -> 299
32 84 -> 300
32 61 -> 301
32 264 -> 302
32 34 -> 303
256 104 -> 304
277 116 -> 305
111 117 -> 306
32 65 -> 307
105 108 -> 308
32 83 -> 309
115 116 -> 310
32 108 -> 311
111 109 -> 312
32 101 -> 313
32 110 -> 314
32 64 -> 315
97 109 -> 316
32 67 -> 317
101 108 -> 318
97 100 -> 319
267 291 -> 320
97 99 -> 321
300 257 -> 322
32 262 -> 323
281 101 -> 324
117 114 -> 325
108 121 -> 326
32 77 -> 327
32 39 -> 328
32 73 -> 329
32 103 -> 330
276 273 -> 331
105 118 -> 332
111 108 -> 333
116 261 -> 334
32 66 -> 335
45 64 -> 336
315 336 -> 337
105 109 -> 338
105 100 -> 339
105 114 -> 340
258 115 -> 341
99 116 -> 342
105 103 -> 343
116 104 -> 344
111 119 -> 345
275 104 -> 346
265 116 -> 347
32 72 -> 348
117 115 -> 349
97 121 -> 350
304 271 -> 351
267 346 -> 352
257 114 -> 353
111 116 -> 354
99 101 -> 355
118 261 -> 356
117 116 -> 357
271 298 -> 358
101 116 -> 359
32 278 -> 360
32 80 -> 361
267 104 -> 362
99 104 -> 363
281 121 -> 364
32 82 -> 365
32 41 -> 366
32 40 -> 367
258 108 -> 368
32 70 -> 369
32 68 -> 370
274 262 -> 371
101 109 -> 372
117 108 -> 373
32 87 -> 374
258 116 -> 375
49 57 -> 376
32 275 -> 377
97 272 -> 378
97 259 -> 379
294 109 -> 380
111 115 -> 381
32 78 -> 382
258 110 -> 383
32 71 -> 384
32 76 -> 385
261 115 -> 386
32 257 -> 387
280 116 -> 388
97 103 -> 389
97 118 -> 390
32 74 -> 391
265 101 -> 392
117 109 -> 393
296 101 -> 394
297 278 -> 395
48 48 -> 396
32 114 -> 397
276 380 -> 398
111 100 -> 399
32 79 -> 400
114 105 -> 401
274 312 -> 402
32 69 -> 403
112 101 -> 404
269 100 -> 405
278 116 -> 406
289 294 -> 407
105 102 -> 408
108 100 -> 409
105 280 -> 410
261 101 -> 411
273 116 -> 412
32 118 -> 413
264 115 -> 414
265 117 -> 415
111 264 -> 416
267 411 -> 417
308 108 -> 418
329 110 -> 419
97 112 -> 420
262 103 -> 421
101 119 -> 422
111 112 -> 423
343 104 -> 424
295 104 -> 425
266 114 -> 426
271 101 -> 427
283 116 -> 428
287 108 -> 429
283 100 -> 430
97 107 -> 431
274 104 -> 432
98 261 -> 433
316 101 -> 434
313 120 -> 435
103 104 -> 436
97 98 -> 437
117 100 -> 438
289 108 -> 439
115 101 -> 440
271 268 -> 441
285 116 -> 442
275 121 -> 443
258 264 -> 444
111 99 -> 445
32 226 -> 446
332 101 -> 447
280 115 -> 448
113 117 -> 449
265 104 -> 450
446 128 -> 451
297 319 -> 452
32 107 -> 453
321 107 -> 454
362 425 -> 455
117 112 -> 456
32 85 -> 457
264 100 -> 458
32 121 -> 459
32 75 -> 460
32 299 -> 461
111 118 -> 462
306 114 -> 463
314 354 -> 464
109 305 -> 465
291 116 -> 466
105 112 -> 467
309 116 -> 468
114 275 -> 469
273 100 -> 470
101 283 -> 471
112 116 -> 472
256 114 -> 473
103 101 -> 474
287 326 -> 475
105 285 -> 476
116 353 -> 477
111 310 -> 478
259 101 -> 479
390 101 -> 480
424 116 -> 481
111 269 -> 482
318 108 -> 483
278 104 -> 484
99 108 -> 485
283 121 -> 486
317 104 -> 487
50 396 -> 488
117 310 -> 489
340 310 -> 490
105 97 -> 491
32 59 -> 492
112 112 -> 493
116 101 -> 494
402 112 -> 495
260 340 -> 496
281 357 -> 497
50 48 -> 498
99 99 -> 499
115 111 -> 500
342 298 -> 501
102 334 -> 502
276 490 -> 503
306 115 -> 504
117 264 -> 505
377 115 -> 506
306 409 -> 507
114 97 -> 508
451 147 -> 509
339 101 -> 510
267 257 -> 511
371 116 -> 512
258 114 -> 513
117 101 -> 514
295 287 -> 515
312 101 -> 516
32 269 -> 517
119 111 -> 518
111 103 -> 519
257 100 -> 520
32 58 -> 521
105 287 -> 522
117 98 -> 523
105 101 -> 524
32 353 -> 525
368 500 -> 526
275 298 -> 527
32 294 -> 528
282 116 -> 529
32 86 -> 530
345 110 -> 531
274 108 -> 532
271 261 -> 533
306 116 -> 534
343 110 -> 535
32 349 -> 536
273 109 -> 537
273 107 -> 538
258 98 -> 539
258 100 -> 540
111 107 -> 541
102 102 -> 542
112 261 -> 543
297 480 -> 544
389 101 -> 545
114 117 -> 546
105 264 -> 547
348 101 -> 548
323 101 -> 549
291 115 -> 550
297 291 -> 551
302 99 -> 552
108 345 -> 553
109 261 -> 554
338 101 -> 555
324 277 -> 556
49 56 -> 557
256 518 -> 558
100 117 -> 559
302 115 -> 560
300 104 -> 561
46 64 -> 562
315 562 -> 563
289 261 -> 564
262 100 -> 565
264 101 -> 566
281 111 -> 567
362 111 -> 568
277 355 -> 569
325 290 -> 570
306 436 -> 571
108 378 -> 572
116 268 -> 573
304 278 -> 574
97 264 -> 575
324 99 -> 576
105 299 -> 577
114 121 -> 578
112 108 -> 579
273 121 -> 580
285 355 -> 581
117 436 -> 582
101 342 -> 583
329 116 -> 584
285 115 -> 585
265 99 -> 586
439 350 -> 587
307 108 -> 588
260 121 -> 589
485 438 -> 590
459 471 -> 591
498 49 -> 592
289 428 -> 593
258 103 -> 594
319 101 -> 595
296 280 -> 596
358 115 -> 597
293 285 -> 598
114 295 -> 599
266 477 -> 600
296 278 -> 601
373 116 -> 602
256 101 -> 603
318 121 -> 604
258 502 -> 605
321 104 -> 606
32 106 -> 607
265 261 -> 608
266 356 -> 609
111 356 -> 610
279 102 -> 611
32 456 -> 612
44 64 -> 613
315 613 -> 614
285 103 -> 615
282 590 -> 616
265 112 -> 617
298 115 -> 618
32 277 -> 619
275 101 -> 620
325 110 -> 621
321 116 -> 622
111 405 -> 623
482 116 -> 624
32 338 -> 625
321 101 -> 626
295 101 -> 627
105 122 -> 628
105 98 -> 629
119 110 -> 630
266 357 -> 631
107 101 -> 632
414 115 -> 633
32 89 -> 634
283 107 -> 635
256 555 -> 636
314 101 -> 637
529 111 -> 638
276 259 -> 639
289 264 -> 640
313 118 -> 641
99 268 -> 642
112 412 -> 643
119 101 -> 644
400 110 -> 645
265 404 -> 646
99 280 -> 647
267 507 -> 648
293 416 -> 649
265 257 -> 650
402 109 -> 651
291 262 -> 652
375 116 -> 653
119 430 -> 654
294 582 -> 655
368 108 -> 656
264 110 -> 657
381 101 -> 658
262 101 -> 659
97 308 -> 660
275 268 -> 661
297 338 -> 662
316 112 -> 663
267 101 -> 664
334 110 -> 665
105 268 -> 666
277 115 -> 667
111 259 -> 668
291 268 -> 669
457 110 -> 670
274 305 -> 671
401 98 -> 672
365 101 -> 673
267 538 -> 674
305 115 -> 675
308 100 -> 676
309 101 -> 677
105 120 -> 678
293 101 -> 679
111 399 -> 680
291 101 -> 681
108 280 -> 682
290 115 -> 683
116 115 -> 684
109 285 -> 685
294 405 -> 686
276 101 -> 687
260 109 -> 688
437 299 -> 689
105 504 -> 690
511 110 -> 691
324 116 -> 692
265 421 -> 693
431 101 -> 694
273 115 -> 695
392 99 -> 696
271 280 -> 697
287 115 -> 698
118 318 -> 699
523 108 -> 700
313 283 -> 701
302 109 -> 702
307 110 -> 703
333 100 -> 704
278 115 -> 705
261 268 -> 706
453 110 -> 707
102 537 -> 708
293 478 -> 709
296 570 -> 710
103 285 -> 711
271 104 -> 712
97 349 -> 713
323 326 -> 714
102 261 -> 715
405 261 -> 716
308 109 -> 717
314 422 -> 718
330 434 -> 719
111 121 -> 720
118 268 -> 721
372 433 -> 722
118 101 -> 723
273 344 -> 724
333 553 -> 725
644 277 -> 726
376 57 -> 727
264 271 -> 728
307 115 -> 729
119 350 -> 730
306 344 -> 731
307 114 -> 732
302 108 -> 733
274 285 -> 734
539 534 -> 735
334 115 -> 736
594 379 -> 737
392 652 -> 738
304 566 -> 739
371 115 -> 740
304 285 -> 741
403 110 -> 742
295 107 -> 743
117 103 -> 744
327 283 -> 745
692 726 -> 746
271 116 -> 747
97 119 -> 748
114 287 -> 749
552 470 -> 750
265 516 -> 751
358 287 -> 752
32 716 -> 753
262 115 -> 754
432 283 -> 755
342 268 -> 756
373 283 -> 757
102 416 -> 758
304 655 -> 759
259 100 -> 760
295 116 -> 761
311 533 -> 762
104 467 -> 763
105 422 -> 764
274 333 -> 765
314 393 -> 766
317 312 -> 767
102 116 -> 768
278 298 -> 769
267 469 -> 770
362 577 -> 771
370 101 -> 772
407 559 -> 773
289 381 -> 774
276 717 -> 775
302 299 -> 776
32 356 -> 777
316 280 -> 778
313 272 -> 779
282 334 -> 780
278 520 -> 781
258 112 -> 782
101 121 -> 783
289 101 -> 784
293 595 -> 785
289 114 -> 786
331 109 -> 787
110 290 -> 788
276 108 -> 789
302 103 -> 790
341 115 -> 791
273 409 -> 792
511 264 -> 793
265 111 -> 794
646 99 -> 795
382 422 -> 796
293 462 -> 797
101 356 -> 798
554 295 -> 799
307 799 -> 800
325 121 -> 801
311 283 -> 802
98 393 -> 803
258 99 -> 804
258 493 -> 805
302 116 -> 806
114 262 -> 807
276 725 -> 808
277 261 -> 809
314 111 -> 810
281 117 -> 811
415 363 -> 812
394 102 -> 813
696 565 -> 814
332 268 -> 815
276 463 -> 816
445 107 -> 817
97 339 -> 818
293 349 -> 819
32 449 -> 820
49 48 -> 821
258 499 -> 822
536 268 -> 823
415 98 -> 824
333 519 -> 825
282 99 -> 826
258 342 -> 827
105 632 -> 828
307 116 -> 829
294 112 -> 830
296 350 -> 831
561 278 -> 832
283 115 -> 833
385 101 -> 834
289 700 -> 835
408 295 -> 836
258 109 -> 837
117 287 -> 838
396 48 -> 839
274 429 -> 840
368 803 -> 841
282 100 -> 842
257 115 -> 843
324 758 -> 844
296 111 -> 845
782 404 -> 846
111 98 -> 847
308 121 -> 848
111 104 -> 849
324 290 -> 850
285 107 -> 851
330 114 -> 852
274 111 -> 853
285 121 -> 854
591 115 -> 855
742 103 -> 856
260 264 -> 857
415 493 -> 858
330 294 -> 859
101 272 -> 860
99 107 -> 861
345 798 -> 862
271 290 -> 863
285 101 -> 864
276 623 -> 865
313 299 -> 866
297 424 -> 867
265 359 -> 868
105 318 -> 869
313 112 -> 870
408 101 -> 871
295 115 -> 872
273 110 -> 873
257 110 -> 874
265 121 -> 875
340 100 -> 876
32 305 -> 877
354 353 -> 878
332 261 -> 879
265 325 -> 880
379 268 -> 881
608 410 -> 882
343 259 -> 883
766 433 -> 884
112 277 -> 885
116 277 -> 886
108 108 -> 887
259 355 -> 888
311 445 -> 889
713 101 -> 890
394 99 -> 891
289 414 -> 892
112 104 -> 893
699 423 -> 894
49 54 -> 895
567 344 -> 896
399 101 -> 897
392 356 -> 898
275 410 -> 899
355 472 -> 900
260 110 -> 901
616 290 -> 902
259 280 -> 903
870 278 -> 904
115 262 -> 905
335 469 -> 906
32 47 -> 907
737 310 -> 908
267 483 -> 909
576 434 -> 910
707 531 -> 911
106 583 -> 912
49 50 -> 913
451 148 -> 914
294 115 -> 915
278 268 -> 916
289 111 -> 917
116 262 -> 918
755 321 -> 919
540 100 -> 920
564 708 -> 921
596 99 -> 922
265 290 -> 923
281 108 -> 924
330 111 -> 925
274 420 -> 926
376 56 -> 927
296 547 -> 928
325 363 -> 929
391 849 -> 930
97 106 -> 931
287 101 -> 932
281 454 -> 933
598 121 -> 934
309 104 -> 935
289 423 -> 936
112 114 -> 937
293 379 -> 938
339 305 -> 939
344 571 -> 940
670 661 -> 941
282 118 -> 942
347 438 -> 943
275 115 -> 944
49 55 -> 945
311 421 -> 946
278 101 -> 947
271 353 -> 948
117 414 -> 949
473 585 -> 950
426 883 -> 951
105 111 -> 952
930 110 -> 953
335 114 -> 954
49 53 -> 955
105 359 -> 956
261 116 -> 957
372 305 -> 958
671 801 -> 959
293 262 -> 960
603 316 -> 961
111 433 -> 962
307 502 -> 963
111 333 -> 964
309 99 -> 965
32 388 -> 966
394 894 -> 967
450 345 -> 968
285 110 -> 969
293 259 -> 970
869 100 -> 971
101 107 -> 972
345 261 -> 973
313 109 -> 974
105 261 -> 975
318 102 -> 976
376 52 -> 977
97 340 -> 978
357 101 -> 979
274 264 -> 980
898 287 -> 981
309 257 -> 982
461 319 -> 983
117 363 -> 984
97 458 -> 985
324 711 -> 986
376 54 -> 987
102 373 -> 988
332 386 -> 989
261 110 -> 990
293 418 -> 991
296 408 -> 992
512 259 -> 993
376 55 -> 994
610 110 -> 995
265 535 -> 996
117 475 -> 997
114 316 -> 998
118 764 -> 999
265 109 -> 1000
105 458 -> 1001
271 447 -> 1002
293 350 -> 1003
450 467 -> 1004
495 299 -> 1005
281 114 -> 1006
274 507 -> 1007
701 326 -> 1008
274 469 -> 1009
296 339 -> 1010
840 268 -> 1011
379 115 -> 1012
513 116 -> 1013
904 897 -> 1014
116 308 -> 1015
314 471 -> 1016
266 98 -> 1017
329 272 -> 1018
395 116 -> 1019
289 333 -> 1020
922 672 -> 1021
108 268 -> 1022
281 318 -> 1023
372 98 -> 1024
117 268 -> 1025
302 355 -> 1026
423 299 -> 1027
105 316 -> 1028
269 101 -> 1029
368 421 -> 1030
397 269 -> 1031
259 115 -> 1032
256 261 -> 1033
338 280 -> 1034
465 115 -> 1035
394 112 -> 1036
281 294 -> 1037
499 448 -> 1038
265 818 -> 1039
299 121 -> 1040
374 104 -> 1041
687 271 -> 1042
800 285 -> 1043
296 531 -> 1044
118 277 -> 1045
329 115 -> 1046
282 310 -> 1047
260 440 -> 1048
431 290 -> 1049
327 350 -> 1050
100 261 -> 1051
293 308 -> 1052
296 406 -> 1053
307 489 -> 1054
304 571 -> 1055
103 388 -> 1056
384 261 -> 1057
915 115 -> 1058
601 99 -> 1059
121 108 -> 1060
906 484 -> 1061
266 543 -> 1062
517 1015 -> 1063
32 90 -> 1064
462 101 -> 1065
116 290 -> 1066
111 354 -> 1067
347 428 -> 1068
285 99 -> 1069
274 443 -> 1070
265 434 -> 1071
114 420 -> 1072
282 102 -> 1073
117 458 -> 1074
640 118 -> 1075
776 669 -> 1076
318 115 -> 1077
330 809 -> 1078
116 121 -> 1079
285 474 -> 1080
435 112 -> 1081
266 630 -> 1082
628 268 -> 1083
383 121 -> 1084
806 621 -> 1085
494 272 -> 1086
316 268 -> 1087
322 121 -> 1088
105 475 -> 1089
374 283 -> 1090
453 109 -> 1091
339 268 -> 1092
311 378 -> 1093
596 535 -> 1094
267 283 -> 1095
302 112 -> 1096
819 295 -> 1097
407 118 -> 1098
625 112 -> 1099
991 298 -> 1100
576 890 -> 1101
444 97 -> 1102
536 101 -> 1103
931 273 -> 1104
317 262 -> 1105
274 283 -> 1106
276 316 -> 1107
258 340 -> 1108
97 122 -> 1109
307 744 -> 1110
1110 489 -> 1111
312 285 -> 1112
311 828 -> 1113
266 885 -> 1114
415 1038 -> 1115
293 271 -> 1116
381 268 -> 1117
265 338 -> 1118
369 114 -> 1119
487 114 -> 1120
266 499 -> 1121
386 262 -> 1122
259 107 -> 1123
101 112 -> 1124
277 110 -> 1125
371 310 -> 1126
49 51 -> 1127
111 541 -> 1128
784 1027 -> 1129
373 108 -> 1130
313 542 -> 1131
104 121 -> 1132
105 393 -> 1133
282 115 -> 1134
289 550 -> 1135
363 964 -> 1136
611 295 -> 1137
310 372 -> 1138
629 299 -> 1139
120 116 -> 1140
265 678 -> 1141
274 624 -> 1142
376 53 -> 1143
858 412 -> 1144
335 108 -> 1145
335 101 -> 1146
258 686 -> 1147
109 121 -> 1148
348 862 -> 1149
1000 429 -> 1150
97 104 -> 1151
267 259 -> 1152
32 37 -> 1153
677 472 -> 1154
117 99 -> 1155
314 724 -> 1156
540 118 -> 1157
296 316 -> 1158
859 456 -> 1159
347 114 -> 1160
317 283 -> 1161
289 668 -> 1162
313 606 -> 1163
1154 722 -> 1164
117 280 -> 1165
262 121 -> 1166
740 339 -> 1167
293 359 -> 1168
306 440 -> 1169
808 290 -> 1170
361 108 -> 1171
919 334 -> 1172
391 117 -> 1173
261 118 -> 1174
406 115 -> 1175
654 115 -> 1176
374 792 -> 1177
311 871 -> 1178
109 115 -> 1179
32 268 -> 1180
1054 749 -> 1181
387 319 -> 1182
379 290 -> 1183
276 447 -> 1184
293 399 -> 1185
512 294 -> 1186
330 995 -> 1187
653 454 -> 1188
111 299 -> 1189
376 51 -> 1190
470 290 -> 1191
767 109 -> 1192
105 305 -> 1193
287 280 -> 1194
413 283 -> 1195
381 115 -> 1196
117 344 -> 1197
588 108 -> 1198
267 418 -> 1199
300 101 -> 1200
802 474 -> 1201
313 356 -> 1202
357 298 -> 1203
359 115 -> 1204
376 49 -> 1205
329 73 -> 1206
348 261 -> 1207
330 117 -> 1208
317 333 -> 1209
383 110 -> 1210
302 643 -> 1211
294 119 -> 1212
371 99 -> 1213
389 514 -> 1214
325 287 -> 1215
457 83 -> 1216
327 101 -> 1217
49 52 -> 1218
317 108 -> 1219
294 494 -> 1220
108 484 -> 1221
391 1029 -> 1222
567 541 -> 1223
382 724 -> 1224
51 48 -> 1225
390 290 -> 1226
321 268 -> 1227
403 117 -> 1228
291 104 -> 1229
369 273 -> 1230
256 275 -> 1231
1057 685 -> 1232
100 312 -> 1233
265 888 -> 1234
468 697 -> 1235
105 107 -> 1236
289 380 -> 1237
265 731 -> 1238
1026 815 -> 1239
293 1104 -> 1240
639 287 -> 1241
308 116 -> 1242
109 268 -> 1243
112 268 -> 1244
314 434 -> 1245
271 604 -> 1246
332 769 -> 1247
391 285 -> 1248
307 100 -> 1249
404 342 -> 1250
400 342 -> 1251
593 295 -> 1252
875 1138 -> 1253
309 731 -> 1254
835 295 -> 1255
274 575 -> 1256
347 427 -> 1257
296 114 -> 1258
1120 406 -> 1259
362 271 -> 1260
460 290 -> 1261
332 280 -> 1262
928 342 -> 1263
117 486 -> 1264
311 466 -> 1265
387 108 -> 1266
1021 268 -> 1267
116 299 -> 1268
257 108 -> 1269
435 116 -> 1270
1251 962 -> 1271
416 100 -> 1272
311 479 -> 1273
32 36 -> 1274
846 283 -> 1275
50 53 -> 1276
302 310 -> 1277
317 285 -> 1278
281 747 -> 1279
664 972 -> 1280
587 268 -> 1281
99 448 -> 1282
532 550 -> 1283
811 676 -> 1284
826 264 -> 1285
292 541 -> 1286
830 515 -> 1287
314 345 -> 1288
369 101 -> 1289
382 462 -> 1290
283 108 -> 1291
32 91 -> 1292
32 93 -> 1293
634 538 -> 1294
103 259 -> 1295
267 792 -> 1296
389 268 -> 1297
1173 326 -> 1298
267 1220 -> 1299
311 427 -> 1300
389 280 -> 1301
46 46 -> 1302
300 114 -> 1303
332 290 -> 1304
372 472 -> 1305
195 169 -> 1306
298 287 -> 1307
98 299 -> 1308
267 262 -> 1309
795 410 -> 1310
825 121 -> 1311
510 111 -> 1312
347 546 -> 1313
97 338 -> 1314
432 676 -> 1315
270 1302 -> 1316
293 984 -> 1317
370 570 -> 1318
296 514 -> 1319
399 121 -> 1320
408 666 -> 1321
608 118 -> 1322
307 937 -> 1323
923 299 -> 1324
1323 308 -> 1325
274 663 -> 1326
368 553 -> 1327
271 115 -> 1328
105 399 -> 1329
109 259 -> 1330
384 117 -> 1331
450 412 -> 1332
289 412 -> 1333
394 712 -> 1334
777 115 -> 1335
607 489 -> 1336
98 429 -> 1337
256 121 -> 1338
293 283 -> 1339
383 878 -> 1340
616 268 -> 1341
1228 294 -> 1342
49 49 -> 1343
774 115 -> 1344
1248 1264 -> 1345
266 409 -> 1346
308 443 -> 1347
332 604 -> 1348
347 537 -> 1349
103 359 -> 1350
641 277 -> 1351
992 715 -> 1352
330 269 -> 1353
352 259 -> 1354
856 572 -> 1355
311 406 -> 1356
705 298 -> 1357
461 768 -> 1358
560 602 -> 1359
278 109 -> 1360
312 259 -> 1361
774 527 -> 1362
314 1087 -> 1363
281 669 -> 1364
966 437 -> 1365
32 408 -> 1366
371 102 -> 1367
442 115 -> 1368
513 114 -> 1369
368 940 -> 1370
413 278 -> 1371
407 103 -> 1372
653 1305 -> 1373
97 120 -> 1374
262 116 -> 1375
777 121 -> 1376
805 294 -> 1377
259 97 -> 1378
304 876 -> 1379
330 778 -> 1380
98 121 -> 1381
275 287 -> 1382
292 112 -> 1383
302 102 -> 1384
307 272 -> 1385
431 280 -> 1386
1023 524 -> 1387
473 454 -> 1388
501 115 -> 1389
745 363 -> 1390
110 261 -> 1391
112 299 -> 1392
311 275 -> 1393
384 114 -> 1394
1075 690 -> 1395
1107 848 -> 1396
327 349 -> 1397
361 294 -> 1398
1290 722 -> 1399
289 973 -> 1400
256 401 -> 1401
302 999 -> 1402
564 1329 -> 1403
641 305 -> 1404
32 81 -> 1405
281 388 -> 1406
297 516 -> 1407
384 101 -> 1408
109 433 -> 1409
267 350 -> 1410
308 283 -> 1411
325 599 -> 1412
265 1136 -> 1413
560 112 -> 1414
365 111 -> 1415
1342 404 -> 1416
267 533 -> 1417
348 278 -> 1418
1187 465 -> 1419
285 647 -> 1420
519 1072 -> 1421
305 326 -> 1422
355 1409 -> 1423
435 579 -> 1424
772 1423 -> 1425
376 50 -> 1426
293 277 -> 1427
264 116 -> 1428
304 658 -> 1429
390 121 -> 1430
508 768 -> 1431
322 264 -> 1432
335 121 -> 1433
103 261 -> 1434
256 621 -> 1435
1126 546 -> 1436
105 569 -> 1437
297 393 -> 1438
439 626 -> 1439
317 443 -> 1440
373 358 -> 1441
426 711 -> 1442
265 108 -> 1443
811 1242 -> 1444
271 505 -> 1445
281 264 -> 1446
404 272 -> 1447
430 115 -> 1448
325 477 -> 1449
330 728 -> 1450
476 115 -> 1451
339 280 -> 1452
347 580 -> 1453
407 494 -> 1454
651 378 -> 1455
321 520 -> 1456
453 418 -> 1457
960 344 -> 1458
374 874 -> 1459
765 299 -> 1460
99 520 -> 1461
257 310 -> 1462
265 305 -> 1463
289 1122 -> 1464
951 287 -> 1465
401 472 -> 1466
989 443 -> 1467
275 486 -> 1468
293 694 -> 1469
297 378 -> 1470
49 396 -> 1471
266 493 -> 1472
268 261 -> 1473
293 268 -> 1474
413 1312 -> 1475
382 752 -> 1476
258 1197 -> 1477
302 449 -> 1478
297 287 -> 1479
305 298 -> 1480
892 305 -> 1481
445 105 -> 1482
97 325 -> 1483
112 273 -> 1484
293 635 -> 1485
289 104 -> 1486
415 103 -> 1487
104 316 -> 1488
532 523 -> 1489
619 103 -> 1490
277 647 -> 1491
401 860 -> 1492
332 277 -> 1493
291 334 -> 1494
318 116 -> 1495
277 101 -> 1496
413 764 -> 1497
327 99 -> 1498
295 475 -> 1499
115 976 -> 1500
365 879 -> 1501
797 268 -> 1502
311 268 -> 1503
528 299 -> 1504
920 527 -> 1505
926 116 -> 1506
53 48 -> 1507
347 378 -> 1508
347 418 -> 1509
274 434 -> 1510
461 103 -> 1511
889 287 -> 1512
360 115 -> 1513
32 194 -> 1514
302 579 -> 1515
657 363 -> 1516
103 121 -> 1517
277 440 -> 1518
361 114 -> 1519
97 542 -> 1520
279 886 -> 1521
1019 580 -> 1522
1412 864 -> 1523
651 262 -> 1524
274 713 -> 1525
296 388 -> 1526
332 287 -> 1527
374 101 -> 1528
274 463 -> 1529
97 101 -> 1530
278 262 -> 1531
327 285 -> 1532
296 372 -> 1533
431 277 -> 1534
1131 583 -> 1535
261 121 -> 1536
276 422 -> 1537
98 101 -> 1538
335 111 -> 1539
319 121 -> 1540
382 111 -> 1541
423 115 -> 1542
637 1140 -> 1543
1167 706 -> 1544
369 108 -> 1545
473 319 -> 1546
273 410 -> 1547
277 103 -> 1548
587 261 -> 1549
1487 1056 -> 1550
108 290 -> 1551
299 118 -> 1552
347 283 -> 1553
291 665 -> 1554
309 112 -> 1555
369 1516 -> 1556
435 543 -> 1557
115 510 -> 1558
293 121 -> 1559
1118 1411 -> 1560
1256 261 -> 1561
645 101 -> 1562
750 268 -> 1563
856 1221 -> 1564
265 510 -> 1565
349 115 -> 1566
397 481 -> 1567
361 101 -> 1568
259 268 -> 1569
274 114 -> 1570
282 275 -> 1571
299 116 -> 1572
625 643 -> 1573
302 287 -> 1574
400 114 -> 1575
532 1314 -> 1576
449 101 -> 1577
335 747 -> 1578
495 854 -> 1579
97 105 -> 1580
274 610 -> 1581
835 781 -> 1582
335 294 -> 1583
394 98 -> 1584
993 1025 -> 1585
512 114 -> 1586
264 119 -> 1587
283 110 -> 1588
339 474 -> 1589
302 715 -> 1590
459 306 -> 1591
256 694 -> 1592
281 291 -> 1593
352 534 -> 1594
265 704 -> 1595
293 339 -> 1596
361 104 -> 1597
665 752 -> 1598
693 115 -> 1599
1352 305 -> 1600
265 350 -> 1601
292 630 -> 1602
331 554 -> 1603
374 346 -> 1604
383 116 -> 1605
105 273 -> 1606
267 760 -> 1607
387 409 -> 1608
767 112 -> 1609
271 334 -> 1610
278 334 -> 1611
357 268 -> 1612
307 499 -> 1613
837 421 -> 1614
110 448 -> 1615
293 1024 -> 1616
461 699 -> 1617
108 117 -> 1618
292 116 -> 1619
513 363 -> 1620
528 319 -> 1621
256 372 -> 1622
1020 275 -> 1623
276 971 -> 1624
103 268 -> 1625
770 886 -> 1626
283 363 -> 1627
344 290 -> 1628
468 427 -> 1629
98 115 -> 1630
439 285 -> 1631
1202 121 -> 1632
32 280 -> 1633
112 115 -> 1634
361 412 -> 1635
1479 102 -> 1636
287 107 -> 1637
370 1247 -> 1638
663 618 -> 1639
256 119 -> 1640
776 681 -> 1641
414 305 -> 1642
118 280 -> 1643
280 665 -> 1644
338 305 -> 1645
374 418 -> 1646
101 319 -> 1647
576 516 -> 1648
258 118 -> 1649
276 1449 -> 1650
293 389 -> 1651
651 269 -> 1652
1086 268 -> 1653
1613 1191 -> 1654
588 940 -> 1655
667 447 -> 1656
267 388 -> 1657
297 862 -> 1658
432 929 -> 1659
831 115 -> 1660
1160 421 -> 1661
1278 319 -> 1662
121 299 -> 1663
275 283 -> 1664
313 466 -> 1665
639 100 -> 1666
376 48 -> 1667
1335 298 -> 1668
294 121 -> 1669
299 283 -> 1670
607 668 -> 1671
50 54 -> 1672
269 103 -> 1673
32 38 -> 1674
98 114 -> 1675
98 546 -> 1676
354 116 -> 1677
401 268 -> 1678
487 929 -> 1679
495 359 -> 1680
1231 299 -> 1681
317 624 -> 1682
1252 757 -> 1683
110 101 -> 1684
112 620 -> 1685
109 112 -> 1686
311 345 -> 1687
1052 1468 -> 1688
289 283 -> 1689
296 318 -> 1690
112 283 -> 1691
324 104 -> 1692
294 559 -> 1693
365 1112 -> 1694
426 1051 -> 1695
834 1214 -> 1696
1477 273 -> 1697
407 112 -> 1698
327 259 -> 1699
813 101 -> 1700
1186 108 -> 1701
50 52 -> 1702
276 1067 -> 1703
287 121 -> 1704
306 477 -> 1705
309 421 -> 1706
1289 1676 -> 1707
1705 110 -> 1708
1707 486 -> 1709
361 261 -> 1710
384 809 -> 1711
256 1034 -> 1712
102 599 -> 1713
330 480 -> 1714
50 51 -> 1715
311 448 -> 1716
32 33 -> 1717
265 275 -> 1718
1211 268 -> 1719
1616 386 -> 1720
276 114 -> 1721
281 378 -> 1722
370 1060 -> 1723
413 761 -> 1724
508 119 -> 1725
1723 285 -> 1726
354 115 -> 1727
432 615 -> 1728
1408 273 -> 1729
276 416 -> 1730
307 98 -> 1731
314 412 -> 1732
773 642 -> 1733
99 843 -> 1734
1552 769 -> 1735
50 56 -> 1736
407 102 -> 1737
313 108 -> 1738
1619 287 -> 1739
97 582 -> 1740
295 280 -> 1741
361 635 -> 1742
400 409 -> 1743
660 268 -> 1744
261 290 -> 1745
325 115 -> 1746
347 271 -> 1747
374 388 -> 1748
108 479 -> 1749
321 280 -> 1750
773 501 -> 1751
936 757 -> 1752
956 121 -> 1753
276 264 -> 1754
394 485 -> 1755
900 298 -> 1756
256 1287 -> 1757
335 283 -> 1758
314 462 -> 1759
807 116 -> 1760
353 110 -> 1761
482 103 -> 1762
407 912 -> 1763
265 333 -> 1764
331 647 -> 1765
391 420 -> 1766
527 115 -> 1767
1162 116 -> 1768
1315 657 -> 1769
1766 285 -> 1770
274 325 -> 1771
274 602 -> 1772
297 1226 -> 1773
361 283 -> 1774
616 101 -> 1775
264 277 -> 1776
1009 295 -> 1777
1017 115 -> 1778
1019 273 -> 1779
404 99 -> 1780
50 49 -> 1781
108 261 -> 1782
942 333 -> 1783
32 88 -> 1784
287 298 -> 1785
311 478 -> 1786
1073 1618 -> 1787
330 1493 -> 1788
267 442 -> 1789
729 115 -> 1790
259 99 -> 1791
633 298 -> 1792
1142 578 -> 1793
115 104 -> 1794
256 294 -> 1795
276 547 -> 1796
996 836 -> 1797
1096 1642 -> 1798
598 389 -> 1799
97 404 -> 1800
312 277 -> 1801
628 101 -> 1802
309 338 -> 1803
363 110 -> 1804
265 620 -> 1805
312 359 -> 1806
392 277 -> 1807
381 112 -> 1808
313 481 -> 1809
370 280 -> 1810
1372 998 -> 1811
293 1049 -> 1812
307 109 -> 1813
356 115 -> 1814
637 356 -> 1815
276 283 -> 1816
327 705 -> 1817
347 441 -> 1818
1365 108 -> 1819
289 633 -> 1820
296 359 -> 1821
307 1713 -> 1822
402 98 -> 1823
403 100 -> 1824
1711 287 -> 1825
281 1320 -> 1826
450 507 -> 1827
258 542 -> 1828
317 305 -> 1829
1041 577 -> 1830
1116 363 -> 1831
275 353 -> 1832
276 622 -> 1833
579 720 -> 1834
1085 268 -> 1835
264 359 -> 1836
278 290 -> 1837
289 271 -> 1838
370 390 -> 1839
670 1467 -> 1840
657 116 -> 1841
99 1431 -> 1842
276 372 -> 1843
277 99 -> 1844
50 50 -> 1845
426 100 -> 1846
276 116 -> 1847
289 478 -> 1848
361 333 -> 1849
463 115 -> 1850
322 440 -> 1851
800 97 -> 1852
403 283 -> 1853
1004 115 -> 1854
1819 781 -> 1855
265 623 -> 1856
297 345 -> 1857
360 572 -> 1858
440 449 -> 1859
701 108 -> 1860
1639 763 -> 1861
936 1441 -> 1862
1210 482 -> 1863
302 1456 -> 1864
313 449 -> 1865
468 101 -> 1866
1313 342 -> 1867
391 454 -> 1868
432 428 -> 1869
258 730 -> 1870
264 572 -> 1871
265 445 -> 1872
319 280 -> 1873
329 1871 -> 1874
437 326 -> 1875
464 268 -> 1876
307 340 -> 1877
343 595 -> 1878
348 97 -> 1879
292 111 -> 1880
579 350 -> 1881
97 373 -> 1882
111 404 -> 1883
276 1492 -> 1884
330 399 -> 1885
330 686 -> 1886
759 534 -> 1887
804 1058 -> 1888
967 268 -> 1889
1055 116 -> 1890
50 55 -> 1891
311 481 -> 1892
403 118 -> 1893
102 295 -> 1894
111 120 -> 1895
392 1045 -> 1896
109 101 -> 1897
330 277 -> 1898
46 83 -> 1899
385 565 -> 1900
529 1693 -> 1901
1900 262 -> 1902
296 332 -> 1903
536 290 -> 1904
662 1500 -> 1905
103 686 -> 1906
967 465 -> 1907
382 101 -> 1908
1646 1028 -> 1909
330 680 -> 1910
1526 1669 -> 1911
311 97 -> 1912
369 1473 -> 1913
102 470 -> 1914
297 343 -> 1915
311 338 -> 1916
379 116 -> 1917
393 305 -> 1918
109 478 -> 1919
276 1495 -> 1920
280 101 -> 1921
327 425 -> 1922
1797 442 -> 1923
349 268 -> 1924
566 107 -> 1925
1181 491 -> 1926
121 110 -> 1927
339 569 -> 1928
342 273 -> 1929
825 515 -> 1930
921 268 -> 1931
1573 442 -> 1932
97 117 -> 1933
274 466 -> 1934
119 538 -> 1935
289 508 -> 1936
316 98 -> 1937
770 290 -> 1938
829 108 -> 1939
1052 280 -> 1940
274 306 -> 1941
276 948 -> 1942
283 114 -> 1943
470 115 -> 1944
603 1735 -> 1945
32 510 -> 1946
111 262 -> 1947
259 116 -> 1948
264 316 -> 1949
780 388 -> 1950
1145 454 -> 1951
1195 690 -> 1952
271 295 -> 1953
332 308 -> 1954
444 291 -> 1955
1438 285 -> 1956
338 1246 -> 1957
292 325 -> 1958
314 481 -> 1959
924 454 -> 1960
262 280 -> 1961
276 1130 -> 1962
296 666 -> 1963
1338 112 -> 1964
267 305 -> 1965
311 1128 -> 1966
357 280 -> 1967
407 116 -> 1968
267 271 -> 1969
362 620 -> 1970
365 425 -> 1971
397 319 -> 1972
487 283 -> 1973
575 110 -> 1974
827 332 -> 1975
845 280 -> 1976
1115 988 -> 1977
97 535 -> 1978
365 962 -> 1979
641 675 -> 1980
637 268 -> 1981
673 103 -> 1982
52 48 -> 1983
265 107 -> 1984
311 748 -> 1985
524 102 -> 1986
1415 319 -> 1987
587 386 -> 1988
1068 268 -> 1989
103 280 -> 1990
365 720 -> 1991
391 778 -> 1992
1185 990 -> 1993
256 277 -> 1994
291 107 -> 1995
293 109 -> 1996
1059 610 -> 1997
392 101 -> 1998
687 359 -> 1999
787 268 -> 2000
274 273 -> 2001
275 447 -> 2002
917 372 -> 2003
116 379 -> 2004
397 1080 -> 2005
442 295 -> 2006
371 118 -> 2007
921 581 -> 2008
1682 121 -> 2009
293 678 -> 2010
297 1169 -> 2011
347 1663 -> 2012
599 107 -> 2013
733 597 -> 2014
1284 290 -> 2015
281 429 -> 2016
1525 268 -> 2017
274 271 -> 2018
331 355 -> 2019
110 97 -> 2020
258 474 -> 2021
302 319 -> 2022
786 338 -> 2023
289 357 -> 2024
287 100 -> 2025
310 261 -> 2026
114 358 -> 2027
403 108 -> 2028
413 418 -> 2029
473 390 -> 2030
603 1804 -> 2031
634 306 -> 2032
274 121 -> 2033
287 344 -> 2034
980 441 -> 2035
97 102 -> 2036
97 318 -> 2037
295 111 -> 2038
361 287 -> 2039
557 57 -> 2040
1137 522 -> 2041
1759 318 -> 2042
99 262 -> 2043
415 542 -> 2044
700 295 -> 2045
877 547 -> 2046
278 99 -> 2047
