32 116 -> 256
104 101 -> 257
32 97 -> 258
105 110 -> 259
117 110 -> 260
256 257 -> 261
260 107 -> 262
32 60 -> 263
101 114 -> 264
111 110 -> 265
32 44 -> 266
101 100 -> 267
32 119 -> 268
32 111 -> 269
32 115 -> 270
114 101 -> 271
32 46 -> 272
110 100 -> 273
97 116 -> 274
111 114 -> 275
32 102 -> 276
32 99 -> 277
101 110 -> 278
269 102 -> 279
32 259 -> 280
105 116 -> 281
32 98 -> 282
97 110 -> 283
101 115 -> 284
105 115 -> 285
97 114 -> 286
258 273 -> 287
259 103 -> 288
97 108 -> 289
97 115 -> 290
32 112 -> 291
256 111 -> 292
114 111 -> 293
32 109 -> 294
105 99 -> 295
32 100 -> 296
105 265 -> 297
32 84 -> 298
32 104 -> 299
105 108 -> 300
32 65 -> 301
117 114 -> 302
278 116 -> 303
32 61 -> 304
32 271 -> 305
32 108 -> 306
115 116 -> 307
32 83 -> 308
256 104 -> 309
32 34 -> 310
32 64 -> 311
117 116 -> 312
268 290 -> 313
101 108 -> 314
298 257 -> 315
32 67 -> 316
32 110 -> 317
32 77 -> 318
32 265 -> 319
97 99 -> 320
111 109 -> 321
97 100 -> 322
101 99 -> 323
32 101 -> 324
105 100 -> 325
111 108 -> 326
97 109 -> 327
105 103 -> 328
32 39 -> 329
45 64 -> 330
311 330 -> 331
276 275 -> 332
108 121 -> 333
108 101 -> 334
118 264 -> 335
32 73 -> 336
32 66 -> 337
105 114 -> 338
117 115 -> 339
32 103 -> 340
282 101 -> 341
116 264 -> 342
258 115 -> 343
105 109 -> 344
97 121 -> 345
111 119 -> 346
111 116 -> 347
270 116 -> 348
118 101 -> 349
117 108 -> 350
281 104 -> 351
274 297 -> 352
32 82 -> 353
309 274 -> 354
268 351 -> 355
99 101 -> 356
277 265 -> 357
32 72 -> 358
258 116 -> 359
282 121 -> 360
49 57 -> 361
32 257 -> 362
32 114 -> 363
268 104 -> 364
101 109 -> 365
97 259 -> 366
101 116 -> 367
99 104 -> 368
32 40 -> 369
32 41 -> 370
258 108 -> 371
116 104 -> 372
32 285 -> 373
293 109 -> 374
32 80 -> 375
97 273 -> 376
32 68 -> 377
258 110 -> 378
32 70 -> 379
32 74 -> 380
32 87 -> 381
116 267 -> 382
32 78 -> 383
103 101 -> 384
48 48 -> 385
32 281 -> 386
97 112 -> 387
257 114 -> 388
264 115 -> 389
105 283 -> 390
276 374 -> 391
111 312 -> 392
277 321 -> 393
260 100 -> 394
264 101 -> 395
300 108 -> 396
268 395 -> 397
284 116 -> 398
117 103 -> 399
105 118 -> 400
32 71 -> 401
285 116 -> 402
295 104 -> 403
328 104 -> 404
117 307 -> 405
99 116 -> 406
109 303 -> 407
296 101 -> 408
111 115 -> 409
265 103 -> 410
101 119 -> 411
275 116 -> 412
117 112 -> 413
274 101 -> 414
281 121 -> 415
32 76 -> 416
32 79 -> 417
32 85 -> 418
111 100 -> 419
320 107 -> 420
105 284 -> 421
299 285 -> 422
98 264 -> 423
32 118 -> 424
111 302 -> 425
111 112 -> 426
291 108 -> 427
291 293 -> 428
32 226 -> 429
271 115 -> 430
308 116 -> 431
270 101 -> 432
117 100 -> 433
274 267 -> 434
299 322 -> 435
429 128 -> 436
105 112 -> 437
286 116 -> 438
336 110 -> 439
32 69 -> 440
105 102 -> 441
32 107 -> 442
101 286 -> 443
111 271 -> 444
399 104 -> 445
323 116 -> 446
117 109 -> 447
289 108 -> 448
105 349 -> 449
113 117 -> 450
269 114 -> 451
286 100 -> 452
256 114 -> 453
270 104 -> 454
111 260 -> 455
111 99 -> 456
97 107 -> 457
364 403 -> 458
105 289 -> 459
327 101 -> 460
114 289 -> 461
97 118 -> 462
324 120 -> 463
290 116 -> 464
317 347 -> 465
316 104 -> 466
404 116 -> 467
280 99 -> 468
286 121 -> 469
105 97 -> 470
117 98 -> 471
284 115 -> 472
114 281 -> 473
111 103 -> 474
283 116 -> 475
32 293 -> 476
258 271 -> 477
115 101 -> 478
301 405 -> 479
277 104 -> 480
479 461 -> 481
259 101 -> 482
32 121 -> 483
258 103 -> 484
111 307 -> 485
357 116 -> 486
280 116 -> 487
258 114 -> 488
102 342 -> 489
346 110 -> 490
50 385 -> 491
268 257 -> 492
97 349 -> 493
116 388 -> 494
285 104 -> 495
97 103 -> 496
265 100 -> 497
275 100 -> 498
111 339 -> 499
32 260 -> 500
109 264 -> 501
261 338 -> 502
256 119 -> 503
282 312 -> 504
314 108 -> 505
302 288 -> 506
325 101 -> 507
102 102 -> 508
109 283 -> 509
97 98 -> 510
112 264 -> 511
297 115 -> 512
306 101 -> 513
111 350 -> 514
386 115 -> 515
44 64 -> 516
99 99 -> 517
311 516 -> 518
514 100 -> 519
393 112 -> 520
328 110 -> 521
305 115 -> 522
32 75 -> 523
115 111 -> 524
276 338 -> 525
50 48 -> 526
105 98 -> 527
271 101 -> 528
341 278 -> 529
359 116 -> 530
101 112 -> 531
270 112 -> 532
117 271 -> 533
291 264 -> 534
455 116 -> 535
112 112 -> 536
290 115 -> 537
105 101 -> 538
326 108 -> 539
319 101 -> 540
108 433 -> 541
114 97 -> 542
371 524 -> 543
503 111 -> 544
436 147 -> 545
114 117 -> 546
32 59 -> 547
291 438 -> 548
111 335 -> 549
114 121 -> 550
258 98 -> 551
344 101 -> 552
32 106 -> 553
289 333 -> 554
299 290 -> 555
111 107 -> 556
321 101 -> 557
300 101 -> 558
308 99 -> 559
481 390 -> 560
525 307 -> 561
112 108 -> 562
275 107 -> 563
279 102 -> 564
468 541 -> 565
258 100 -> 566
269 335 -> 567
278 356 -> 568
320 101 -> 569
299 493 -> 570
97 384 -> 571
99 284 -> 572
270 264 -> 573
118 267 -> 574
326 474 -> 575
277 108 -> 576
309 285 -> 577
102 275 -> 578
105 335 -> 579
105 271 -> 580
32 278 -> 581
105 303 -> 582
108 376 -> 583
293 394 -> 584
285 115 -> 585
392 104 -> 586
258 489 -> 587
336 116 -> 588
108 100 -> 589
117 101 -> 590
487 111 -> 591
97 271 -> 592
393 109 -> 593
261 121 -> 594
274 116 -> 595
49 56 -> 596
111 394 -> 597
358 101 -> 598
111 445 -> 599
484 366 -> 600
32 339 -> 601
274 264 -> 602
352 115 -> 603
105 267 -> 604
257 100 -> 605
281 297 -> 606
298 104 -> 607
408 102 -> 608
119 345 -> 609
97 300 -> 610
305 99 -> 611
364 111 -> 612
270 99 -> 613
427 345 -> 614
302 110 -> 615
114 295 -> 616
296 506 -> 617
32 58 -> 618
270 117 -> 619
112 412 -> 620
275 372 -> 621
283 115 -> 622
350 116 -> 623
119 101 -> 624
269 312 -> 625
483 443 -> 626
283 356 -> 627
365 423 -> 628
258 536 -> 629
318 286 -> 630
46 64 -> 631
311 631 -> 632
320 116 -> 633
371 108 -> 634
418 110 -> 635
281 101 -> 636
282 323 -> 637
32 413 -> 638
293 445 -> 639
314 121 -> 640
383 411 -> 641
101 273 -> 642
270 410 -> 643
295 101 -> 644
301 108 -> 645
32 86 -> 646
296 284 -> 647
362 114 -> 648
430 115 -> 649
322 101 -> 650
256 552 -> 651
559 582 -> 652
258 406 -> 653
274 284 -> 654
280 342 -> 655
101 327 -> 656
270 323 -> 657
652 575 -> 658
295 289 -> 659
284 101 -> 660
305 109 -> 661
526 49 -> 662
103 283 -> 663
281 267 -> 664
286 114 -> 665
301 110 -> 666
539 346 -> 667
32 344 -> 668
380 387 -> 669
669 283 -> 670
101 274 -> 671
341 116 -> 672
501 295 -> 673
294 283 -> 674
276 259 -> 675
291 271 -> 676
268 519 -> 677
300 109 -> 678
111 121 -> 679
269 494 -> 680
357 115 -> 681
105 107 -> 682
290 267 -> 683
301 673 -> 684
337 473 -> 685
116 115 -> 686
277 415 -> 687
105 122 -> 688
114 265 -> 689
115 115 -> 690
119 452 -> 691
290 101 -> 692
296 323 -> 693
417 110 -> 694
100 117 -> 695
280 118 -> 696
302 368 -> 697
324 118 -> 698
277 303 -> 699
99 267 -> 700
343 115 -> 701
394 264 -> 702
418 83 -> 703
117 300 -> 704
276 678 -> 705
299 344 -> 706
361 57 -> 707
296 285 -> 708
624 278 -> 709
309 528 -> 710
101 335 -> 711
278 115 -> 712
365 112 -> 713
264 267 -> 714
549 110 -> 715
118 314 -> 716
268 563 -> 717
275 121 -> 718
105 499 -> 719
111 259 -> 720
294 444 -> 721
291 114 -> 722
342 110 -> 723
600 307 -> 724
111 349 -> 725
327 112 -> 726
672 709 -> 727
108 295 -> 728
401 264 -> 729
270 413 -> 730
291 409 -> 731
32 702 -> 732
352 289 -> 733
97 119 -> 734
116 101 -> 735
276 108 -> 736
305 116 -> 737
324 273 -> 738
729 509 -> 739
320 104 -> 740
492 271 -> 741
534 578 -> 742
101 121 -> 743
105 120 -> 744
286 107 -> 745
364 558 -> 746
261 109 -> 747
268 286 -> 748
457 101 -> 749
102 444 -> 750
276 667 -> 751
492 110 -> 752
551 392 -> 753
286 333 -> 754
309 639 -> 755
670 660 -> 756
256 656 -> 757
406 297 -> 758
530 420 -> 759
658 121 -> 760
97 325 -> 761
326 100 -> 762
268 101 -> 763
385 48 -> 764
299 404 -> 765
110 288 -> 766
317 447 -> 767
319 333 -> 768
108 284 -> 769
302 121 -> 770
270 471 -> 771
294 274 -> 772
49 50 -> 773
271 110 -> 774
357 99 -> 775
271 274 -> 776
277 387 -> 777
306 602 -> 778
340 715 -> 779
111 419 -> 780
264 289 -> 781
317 411 -> 782
466 697 -> 783
270 257 -> 784
296 345 -> 785
301 115 -> 786
685 495 -> 787
104 437 -> 788
353 392 -> 789
49 48 -> 790
101 103 -> 791
265 115 -> 792
275 115 -> 793
294 485 -> 794
301 114 -> 795
117 289 -> 796
119 110 -> 797
293 690 -> 798
789 101 -> 799
325 303 -> 800
400 267 -> 801
446 297 -> 802
305 112 -> 803
318 345 -> 804
486 259 -> 805
318 264 -> 806
336 273 -> 807
371 410 -> 808
111 556 -> 809
295 116 -> 810
306 286 -> 811
341 750 -> 812
282 704 -> 813
341 288 -> 814
361 56 -> 815
109 267 -> 816
316 321 -> 817
32 89 -> 818
276 425 -> 819
306 456 -> 820
332 572 -> 821
294 300 -> 822
442 110 -> 823
257 115 -> 824
288 115 -> 825
432 335 -> 826
97 339 -> 827
100 264 -> 828
101 120 -> 829
102 264 -> 830
270 557 -> 831
325 390 -> 832
436 148 -> 833
806 832 -> 834
565 288 -> 835
268 505 -> 836
282 420 -> 837
767 423 -> 838
107 115 -> 839
32 314 -> 840
269 112 -> 841
282 595 -> 842
101 118 -> 843
269 511 -> 844
301 116 -> 845
305 108 -> 846
325 384 -> 847
366 267 -> 848
531 116 -> 849
105 314 -> 850
261 110 -> 851
282 108 -> 852
309 283 -> 853
265 101 -> 854
281 115 -> 855
283 103 -> 856
805 117 -> 857
285 297 -> 858
657 497 -> 859
826 289 -> 860
261 271 -> 861
324 112 -> 862
347 104 -> 863
114 527 -> 864
282 114 -> 865
323 382 -> 866
258 338 -> 867
285 419 -> 868
317 621 -> 869
361 55 -> 870
441 295 -> 871
684 283 -> 872
260 101 -> 873
274 288 -> 874
258 99 -> 875
270 302 -> 876
302 267 -> 877
308 586 -> 878
409 101 -> 879
425 116 -> 880
105 411 -> 881
256 293 -> 882
259 100 -> 883
294 650 -> 884
296 114 -> 885
862 868 -> 886
102 116 -> 887
480 286 -> 888
635 664 -> 889
114 267 -> 890
32 335 -> 891
112 114 -> 892
442 396 -> 893
32 303 -> 894
258 584 -> 895
294 265 -> 896
305 103 -> 897
481 470 -> 898
258 517 -> 899
291 326 -> 900
328 259 -> 901
365 98 -> 902
471 728 -> 903
290 265 -> 904
293 413 -> 905
388 110 -> 906
520 334 -> 907
611 498 -> 908
626 115 -> 909
783 396 -> 910
291 101 -> 911
296 325 -> 912
372 599 -> 913
109 121 -> 914
275 110 -> 915
317 111 -> 916
353 403 -> 917
116 265 -> 918
276 597 -> 919
308 849 -> 920
348 114 -> 921
402 115 -> 922
510 334 -> 923
779 407 -> 924
920 628 -> 925
108 108 -> 926
283 384 -> 927
294 396 -> 928
295 107 -> 929
305 356 -> 930
886 101 -> 931
274 449 -> 932
277 111 -> 933
294 101 -> 934
296 490 -> 935
303 115 -> 936
389 265 -> 937
601 267 -> 938
32 90 -> 939
270 586 -> 940
277 448 -> 941
301 489 -> 942
307 546 -> 943
340 117 -> 944
341 663 -> 945
363 260 -> 946
381 286 -> 947
841 278 -> 948
101 98 -> 949
49 55 -> 950
346 711 -> 951
347 388 -> 952
850 100 -> 953
292 556 -> 954
340 460 -> 955
366 115 -> 956
607 285 -> 957
270 761 -> 958
361 54 -> 959
291 426 -> 960
316 108 -> 961
454 437 -> 962
116 288 -> 963
116 300 -> 964
258 109 -> 965
259 356 -> 966
285 267 -> 967
294 366 -> 968
454 346 -> 969
488 116 -> 970
32 47 -> 971
305 334 -> 972
428 695 -> 973
564 295 -> 974
105 111 -> 975
270 367 -> 976
277 286 -> 977
283 99 -> 978
348 414 -> 979
353 579 -> 980
111 98 -> 981
117 368 -> 982
277 271 -> 983
296 111 -> 984
312 101 -> 985
318 403 -> 986
324 109 -> 987
637 460 -> 988
566 100 -> 989
32 450 -> 990
379 275 -> 991
742 509 -> 992
101 289 -> 993
277 326 -> 994
296 580 -> 995
451 901 -> 996
49 53 -> 997
97 338 -> 998
293 112 -> 999
49 54 -> 1000
270 111 -> 1001
275 589 -> 1002
316 326 -> 1003
378 121 -> 1004
426 115 -> 1005
463 112 -> 1006
500 964 -> 1007
535 121 -> 1008
295 115 -> 1009
308 257 -> 1010
380 873 -> 1011
699 770 -> 1012
116 257 -> 1013
259 284 -> 1014
383 621 -> 1015
513 322 -> 1016
573 421 -> 1017
116 278 -> 1018
256 264 -> 1019
320 267 -> 1020
114 327 -> 1021
306 682 -> 1022
579 115 -> 1023
716 426 -> 1024
960 350 -> 1025
264 116 -> 1026
270 288 -> 1027
276 671 -> 1028
282 863 -> 1029
314 102 -> 1030
324 754 -> 1031
327 284 -> 1032
432 904 -> 1033
477 97 -> 1034
647 521 -> 1035
737 615 -> 1036
268 398 -> 1037
280 100 -> 1038
285 605 -> 1039
291 537 -> 1040
342 115 -> 1041
522 112 -> 1042
111 117 -> 1043
112 116 -> 1044
261 478 -> 1045
281 469 -> 1046
361 52 -> 1047
301 399 -> 1048
346 264 -> 1049
380 111 -> 1050
428 118 -> 1051
629 443 -> 1052
1048 405 -> 1053
270 109 -> 1054
270 521 -> 1055
277 519 -> 1056
337 595 -> 1057
339 295 -> 1058
823 490 -> 1059
50 57 -> 1060
105 275 -> 1061
325 267 -> 1062
337 114 -> 1063
431 654 -> 1064
442 109 -> 1065
772 368 -> 1066
97 106 -> 1067
111 423 -> 1068
283 107 -> 1069
302 494 -> 1070
614 267 -> 1071
283 121 -> 1072
300 121 -> 1073
306 376 -> 1074
380 283 -> 1075
407 115 -> 1076
1067 275 -> 1077
109 497 -> 1078
111 118 -> 1079
317 443 -> 1080
350 108 -> 1081
593 376 -> 1082
817 109 -> 1083
271 367 -> 1084
275 382 -> 1085
280 115 -> 1086
427 569 -> 1087
565 267 -> 1088
566 118 -> 1089
102 350 -> 1090
117 430 -> 1091
270 744 -> 1092
278 781 -> 1093
282 314 -> 1094
291 430 -> 1095
462 121 -> 1096
532 323 -> 1097
104 110 -> 1098
268 473 -> 1099
289 101 -> 1100
691 115 -> 1101
882 1005 -> 1102
917 1078 -> 1103
46 83 -> 1104
97 122 -> 1105
277 473 -> 1106
280 102 -> 1107
282 293 -> 1108
324 508 -> 1109
619 368 -> 1110
696 326 -> 1111
99 107 -> 1112
361 53 -> 1113
408 1024 -> 1114
1054 448 -> 1115
308 112 -> 1116
427 283 -> 1117
440 110 -> 1118
562 679 -> 1119
827 101 -> 1120
888 320 -> 1121
110 267 -> 1122
111 326 -> 1123
281 421 -> 1124
285 101 -> 1125
294 278 -> 1126
306 410 -> 1127
333 1013 -> 1128
337 1128 -> 1129
340 905 -> 1130
408 112 -> 1131
730 620 -> 1132
902 389 -> 1133
941 267 -> 1134
106 446 -> 1135
117 333 -> 1136
276 114 -> 1137
294 259 -> 1138
560 115 -> 1139
777 116 -> 1140
811 384 -> 1141
829 116 -> 1142
51 48 -> 1143
118 881 -> 1144
270 507 -> 1145
301 338 -> 1146
303 333 -> 1147
340 260 -> 1148
517 472 -> 1149
807 390 -> 1150
813 116 -> 1151
269 517 -> 1152
488 114 -> 1153
645 108 -> 1154
674 121 -> 1155
751 288 -> 1156
53 48 -> 1157
109 115 -> 1158
256 615 -> 1159
289 115 -> 1160
377 323 -> 1161
426 334 -> 1162
437 112 -> 1163
463 116 -> 1164
530 713 -> 1165
857 267 -> 1166
104 419 -> 1167
117 469 -> 1168
276 1070 -> 1169
294 345 -> 1170
362 322 -> 1171
400 288 -> 1172
642 267 -> 1173
676 118 -> 1174
822 1046 -> 1175
49 52 -> 1176
117 554 -> 1177
276 101 -> 1178
380 1136 -> 1179
486 293 -> 1180
553 405 -> 1181
893 267 -> 1182
1075 1168 -> 1183
115 265 -> 1184
270 108 -> 1185
291 374 -> 1186
291 903 -> 1187
291 937 -> 1188
294 1133 -> 1189
366 288 -> 1190
451 663 -> 1191
647 99 -> 1192
108 267 -> 1193
316 1008 -> 1194
332 356 -> 1195
368 1123 -> 1196
457 288 -> 1197
528 107 -> 1198
666 103 -> 1199
668 112 -> 1200
698 303 -> 1201
121 307 -> 1202
274 104 -> 1203
282 111 -> 1204
361 49 -> 1205
450 322 -> 1206
1161 628 -> 1207
98 121 -> 1208
289 297 -> 1209
318 585 -> 1210
327 267 -> 1211
353 65 -> 1212
416 101 -> 1213
431 414 -> 1214
765 609 -> 1215
99 382 -> 1216
316 265 -> 1217
365 303 -> 1218
381 289 -> 1219
459 333 -> 1220
462 288 -> 1221
720 116 -> 1222
992 356 -> 1223
32 398 -> 1224
105 264 -> 1225
109 259 -> 1226
270 303 -> 1227
277 798 -> 1228
431 1084 -> 1229
441 604 -> 1230
456 105 -> 1231
478 450 -> 1232
507 111 -> 1233
49 51 -> 1234
277 283 -> 1235
278 110 -> 1236
282 683 -> 1237
285 265 -> 1238
299 402 -> 1239
316 1198 -> 1240
317 412 -> 1241
340 111 -> 1242
348 571 -> 1243
383 111 -> 1244
688 267 -> 1245
930 801 -> 1246
118 278 -> 1247
276 449 -> 1248
277 880 -> 1249
328 283 -> 1250
378 110 -> 1251
381 1002 -> 1252
599 116 -> 1253
619 1149 -> 1254
97 344 -> 1255
109 423 -> 1256
111 347 -> 1257
270 966 -> 1258
285 382 -> 1259
296 590 -> 1260
324 464 -> 1261
340 584 -> 1262
344 284 -> 1263
409 267 -> 1264
795 914 -> 1265
115 117 -> 1266
265 295 -> 1267
270 762 -> 1268
274 388 -> 1269
318 535 -> 1270
357 102 -> 1271
371 913 -> 1272
383 725 -> 1273
424 286 -> 1274
476 334 -> 1275
708 99 -> 1276
739 121 -> 1277
911 1162 -> 1278
1273 1256 -> 1279
49 49 -> 1280
280 307 -> 1281
286 108 -> 1282
291 412 -> 1283
332 501 -> 1284
340 114 -> 1285
358 404 -> 1286
361 48 -> 1287
361 51 -> 1288
381 257 -> 1289
424 1233 -> 1290
441 101 -> 1291
453 622 -> 1292
475 550 -> 1293
986 1250 -> 1294
1206 689 -> 1295
274 640 -> 1296
332 109 -> 1297
336 115 -> 1298
337 108 -> 1299
348 286 -> 1300
357 943 -> 1301
379 949 -> 1302
546 406 -> 1303
546 469 -> 1304
573 574 -> 1305
630 368 -> 1306
1302 1304 -> 1307
105 327 -> 1308
111 574 -> 1309
116 334 -> 1310
290 104 -> 1311
294 367 -> 1312
294 1058 -> 1313
299 289 -> 1314
305 307 -> 1315
353 1167 -> 1316
362 589 -> 1317
456 107 -> 1318
1121 342 -> 1319
1192 864 -> 1320
1316 284 -> 1321
32 194 -> 1322
97 508 -> 1323
110 314 -> 1324
277 726 -> 1325
294 1077 -> 1326
297 289 -> 1327
315 121 -> 1328
317 1142 -> 1329
377 506 -> 1330
378 952 -> 1331
383 733 -> 1332
527 334 -> 1333
637 1120 -> 1334
99 824 -> 1335
101 107 -> 1336
269 98 -> 1337
293 119 -> 1338
337 121 -> 1339
361 50 -> 1340
381 396 -> 1341
428 116 -> 1342
498 288 -> 1343
499 101 -> 1344
500 855 -> 1345
689 116 -> 1346
97 350 -> 1347
112 104 -> 1348
259 115 -> 1349
281 512 -> 1350
283 101 -> 1351
296 441 -> 1352
301 892 -> 1353
306 414 -> 1354
308 1267 -> 1355
357 118 -> 1356
476 322 -> 1357
1023 415 -> 1358
1050 1098 -> 1359
1353 300 -> 1360
32 36 -> 1361
112 338 -> 1362
269 797 -> 1363
306 482 -> 1364
317 346 -> 1365
358 951 -> 1366
406 1068 -> 1367
417 1367 -> 1368
431 665 -> 1369
452 115 -> 1370
573 118 -> 1371
581 103 -> 1372
1118 103 -> 1373
264 110 -> 1374
282 376 -> 1375
294 302 -> 1376
301 102 -> 1377
316 415 -> 1378
324 335 -> 1379
325 284 -> 1380
327 98 -> 1381
332 116 -> 1382
375 108 -> 1383
375 293 -> 1384
466 259 -> 1385
576 1255 -> 1386
675 289 -> 1387
731 606 -> 1388
813 100 -> 1389
995 406 -> 1390
1202 365 -> 1391
110 97 -> 1392
112 267 -> 1393
259 352 -> 1394
264 121 -> 1395
292 302 -> 1396
305 562 -> 1397
306 267 -> 1398
316 283 -> 1399
348 433 -> 1400
409 115 -> 1401
467 115 -> 1402
522 623 -> 1403
585 1163 -> 1404
693 108 -> 1405
939 993 -> 1406
1210 1404 -> 1407
1406 376 -> 1408
1407 105 -> 1409
103 284 -> 1410
275 267 -> 1411
290 723 -> 1412
292 112 -> 1413
324 740 -> 1414
347 116 -> 1415
379 114 -> 1416
548 295 -> 1417
1178 367 -> 1418
50 54 -> 1419
103 398 -> 1420
270 392 -> 1421
281 382 -> 1422
302 415 -> 1423
305 102 -> 1424
309 338 -> 1425
321 367 -> 1426
629 293 -> 1427
900 281 -> 1428
972 683 -> 1429
1022 101 -> 1430
46 46 -> 1431
97 521 -> 1432
115 507 -> 1433
264 118 -> 1434
277 114 -> 1435
284 723 -> 1436
296 402 -> 1437
300 415 -> 1438
305 1144 -> 1439
314 115 -> 1440
401 1093 -> 1441
454 412 -> 1442
513 887 -> 1443
601 101 -> 1444
32 264 -> 1445
257 307 -> 1446
259 267 -> 1447
272 1431 -> 1448
275 109 -> 1449
278 103 -> 1450
282 290 -> 1451
292 116 -> 1452
301 100 -> 1453
305 450 -> 1454
312 297 -> 1455
316 592 -> 1456
317 1211 -> 1457
345 115 -> 1458
373 583 -> 1459
400 278 -> 1460
400 858 -> 1461
1025 352 -> 1462
1027 334 -> 1463
101 434 -> 1464
109 112 -> 1465
258 312 -> 1466
267 781 -> 1467
276 467 -> 1468
294 267 -> 1469
294 982 -> 1470
436 145 -> 1471
442 288 -> 1472
457 284 -> 1473
713 334 -> 1474
1341 1308 -> 1475
50 52 -> 1476
111 322 -> 1477
112 286 -> 1478
270 636 -> 1479
277 460 -> 1480
296 365 -> 1481
308 104 -> 1482
400 284 -> 1483
513 103 -> 1484
32 37 -> 1485
50 53 -> 1486
112 636 -> 1487
114 387 -> 1488
270 460 -> 1489
281 289 -> 1490
299 1221 -> 1491
306 464 -> 1492
315 271 -> 1493
317 467 -> 1494
339 267 -> 1495
348 1303 -> 1496
358 396 -> 1497
363 267 -> 1498
363 350 -> 1499
400 640 -> 1500
428 103 -> 1501
440 464 -> 1502
453 420 -> 1503
842 334 -> 1504
32 267 -> 1505
111 275 -> 1506
116 121 -> 1507
256 398 -> 1508
268 265 -> 1509
270 610 -> 1510
276 411 -> 1511
353 791 -> 1512
364 274 -> 1513
424 810 -> 1514
476 985 -> 1515
681 325 -> 1516
785 115 -> 1517
1241 906 -> 1518
101 267 -> 1519
103 367 -> 1520
115 788 -> 1521
117 999 -> 1522
270 1196 -> 1523
277 539 -> 1524
291 485 -> 1525
296 314 -> 1526
296 398 -> 1527
312 267 -> 1528
440 1522 -> 1529
451 828 -> 1530
466 114 -> 1531
771 1232 -> 1532
891 115 -> 1533
896 372 -> 1534
1174 719 -> 1535
32 91 -> 1536
32 93 -> 1537
271 103 -> 1538
274 115 -> 1539
294 749 -> 1540
299 557 -> 1541
300 100 -> 1542
302 289 -> 1543
339 115 -> 1544
371 98 -> 1545
417 508 -> 1546
457 278 -> 1547
462 289 -> 1548
468 271 -> 1549
844 603 -> 1550
994 265 -> 1551
1452 289 -> 1552
1529 101 -> 1553
121 110 -> 1554
277 290 -> 1555
277 535 -> 1556
277 665 -> 1557
278 99 -> 1558
293 121 -> 1559
294 419 -> 1560
306 485 -> 1561
318 283 -> 1562
348 438 -> 1563
362 1096 -> 1564
381 104 -> 1565
513 716 -> 1566
593 260 -> 1567
633 297 -> 1568
635 1358 -> 1569
820 289 -> 1570
1314 102 -> 1571
108 1039 -> 1572
276 580 -> 1573
281 286 -> 1574
294 105 -> 1575
294 325 -> 1576
298 114 -> 1577
337 302 -> 1578
340 278 -> 1579
730 112 -> 1580
818 563 -> 1581
105 389 -> 1582
105 419 -> 1583
114 437 -> 1584
116 490 -> 1585
276 327 -> 1586
294 725 -> 1587
317 460 -> 1588
317 711 -> 1589
320 605 -> 1590
375 745 -> 1591
377 345 -> 1592
424 285 -> 1593
597 267 -> 1594
630 482 -> 1595
712 449 -> 1596
871 475 -> 1597
1057 334 -> 1598
1377 616 -> 1599
1425 100 -> 1600
1545 447 -> 1601
50 50 -> 1602
97 104 -> 1603
259 766 -> 1604
265 284 -> 1605
276 1346 -> 1606
285 99 -> 1607
316 303 -> 1608
316 880 -> 1609
337 497 -> 1610
348 396 -> 1611
363 569 -> 1612
377 284 -> 1613
393 98 -> 1614
398 328 -> 1615
921 410 -> 1616
928 297 -> 1617
1219 284 -> 1618
1325 1432 -> 1619
1376 828 -> 1620
1527 1559 -> 1621
103 267 -> 1622
105 367 -> 1623
115 1030 -> 1624
268 345 -> 1625
279 1018 -> 1626
282 339 -> 1627
294 585 -> 1628
302 774 -> 1629
303 297 -> 1630
320 121 -> 1631
335 115 -> 1632
358 402 -> 1633
401 101 -> 1634
549 267 -> 1635
803 1085 -> 1636
1055 1597 -> 1637
1320 267 -> 1638
98 448 -> 1639
108 495 -> 1640
109 288 -> 1641
259 472 -> 1642
265 1392 -> 1643
269 536 -> 1644
269 589 -> 1645
270 344 -> 1646
271 267 -> 1647
336 73 -> 1648
345 288 -> 1649
348 434 -> 1650
419 121 -> 1651
463 562 -> 1652
496 283 -> 1653
553 720 -> 1654
596 56 -> 1655
616 116 -> 1656
646 810 -> 1657
891 121 -> 1658
271 278 -> 1659
275 112 -> 1660
291 1049 -> 1661
299 951 -> 1662
306 734 -> 1663
316 387 -> 1664
364 636 -> 1665
381 351 -> 1666
401 117 -> 1667
538 102 -> 1668
559 1415 -> 1669
619 508 -> 1670
645 913 -> 1671
698 278 -> 1672
731 115 -> 1673
996 289 -> 1674
1111 574 -> 1675
32 33 -> 1676
50 51 -> 1677
65 70 -> 1678
110 472 -> 1679
277 692 -> 1680
286 115 -> 1681
318 322 -> 1682
338 267 -> 1683
344 303 -> 1684
375 101 -> 1685
375 1653 -> 1686
438 407 -> 1687
613 278 -> 1688
634 346 -> 1689
751 267 -> 1690
846 328 -> 1691
983 119 -> 1692
991 356 -> 1693
1289 110 -> 1694
1301 758 -> 1695
1428 659 -> 1696
104 121 -> 1697
107 101 -> 1698
270 1391 -> 1699
289 372 -> 1700
294 535 -> 1701
298 278 -> 1702
316 286 -> 1703
379 412 -> 1704
455 342 -> 1705
483 1370 -> 1706
542 887 -> 1707
657 1423 -> 1708
852 420 -> 1709
974 459 -> 1710
259 107 -> 1711
274 295 -> 1712
275 295 -> 1713
292 1101 -> 1714
318 289 -> 1715
339 104 -> 1716
340 776 -> 1717
350 286 -> 1718
355 100 -> 1719
358 286 -> 1720
363 847 -> 1721
608 1464 -> 1722
674 496 -> 1723
934 367 -> 1724
962 115 -> 1725
1212 1678 -> 1726
32 441 -> 1727
116 421 -> 1728
268 883 -> 1729
276 1467 -> 1730
277 425 -> 1731
277 592 -> 1732
293 322 -> 1733
301 517 -> 1734
305 620 -> 1735
314 97 -> 1736
315 478 -> 1737
341 103 -> 1738
355 392 -> 1739
368 927 -> 1740
375 114 -> 1741
377 531 -> 1742
400 300 -> 1743
446 115 -> 1744
456 114 -> 1745
523 288 -> 1746
576 537 -> 1747
608 671 -> 1748
661 848 -> 1749
775 1026 -> 1750
817 112 -> 1751
822 284 -> 1752
987 1119 -> 1753
1028 877 -> 1754
1036 267 -> 1755
1379 121 -> 1756
109 97 -> 1757
278 478 -> 1758
281 1310 -> 1759
293 735 -> 1760
298 119 -> 1761
298 1474 -> 1762
320 284 -> 1763
321 259 -> 1764
334 121 -> 1765
340 367 -> 1766
341 104 -> 1767
377 1461 -> 1768
448 115 -> 1769
453 462 -> 1770
696 1615 -> 1771
820 434 -> 1772
875 798 -> 1773
965 410 -> 1774
996 554 -> 1775
1456 121 -> 1776
1532 1147 -> 1777
32 81 -> 1778
101 322 -> 1779
257 464 -> 1780
268 1760 -> 1781
271 119 -> 1782
309 879 -> 1783
362 108 -> 1784
408 1203 -> 1785
424 326 -> 1786
681 1362 -> 1787
897 297 -> 1788
989 606 -> 1789
1095 303 -> 1790
1097 459 -> 1791
1191 688 -> 1792
1268 1582 -> 1793
1531 402 -> 1794
1657 275 -> 1795
50 56 -> 1796
109 286 -> 1797
256 281 -> 1798
277 827 -> 1799
285 109 -> 1800
296 327 -> 1801
305 830 -> 1802
306 346 -> 1803
306 1291 -> 1804
307 281 -> 1805
314 843 -> 1806
355 259 -> 1807
375 1347 -> 1808
379 667 -> 1809
440 100 -> 1810
463 511 -> 1811
477 290 -> 1812
653 297 -> 1813
946 115 -> 1814
1224 510 -> 1815
1239 718 -> 1816
1286 609 -> 1817
1298 583 -> 1818
1466 104 -> 1819
1555 796 -> 1820
1734 1343 -> 1821
1809 288 -> 1822
54 48 -> 1823
117 407 -> 1824
264 114 -> 1825
268 303 -> 1826
268 1594 -> 1827
277 464 -> 1828
280 281 -> 1829
312 284 -> 1830
323 104 -> 1831
353 1477 -> 1832
396 1395 -> 1833
408 1119 -> 1834
483 1043 -> 1835
520 1072 -> 1836
534 1583 -> 1837
722 344 -> 1838
907 382 -> 1839
961 537 -> 1840
1254 1090 -> 1841
1468 288 -> 1842
1806 858 -> 1843
32 800 -> 1844
53 385 -> 1845
78 65 -> 1846
108 482 -> 1847
109 101 -> 1848
110 743 -> 1849
111 265 -> 1850
119 563 -> 1851
276 1081 -> 1852
278 572 -> 1853
282 692 -> 1854
290 297 -> 1855
291 274 -> 1856
292 111 -> 1857
299 328 -> 1858
308 413 -> 1859
324 1412 -> 1860
337 312 -> 1861
358 117 -> 1862
381 101 -> 1863
401 114 -> 1864
451 100 -> 1865
488 109 -> 1866
553 260 -> 1867
581 99 -> 1868
607 321 -> 1869
684 97 -> 1870
736 1506 -> 1871
774 368 -> 1872
876 118 -> 1873
908 267 -> 1874
1352 830 -> 1875
1584 116 -> 1876
1627 1642 -> 1877
1682 1643 -> 1878
97 314 -> 1879
256 749 -> 1880
268 274 -> 1881
270 281 -> 1882
270 1295 -> 1883
271 307 -> 1884
274 533 -> 1885
282 498 -> 1886
290 107 -> 1887
291 286 -> 1888
291 312 -> 1889
298 615 -> 1890
298 656 -> 1891
299 376 -> 1892
305 1568 -> 1893
308 323 -> 1894
340 493 -> 1895
348 376 -> 1896
400 289 -> 1897
417 114 -> 1898
565 101 -> 1899
685 366 -> 1900
867 99 -> 1901
948 288 -> 1902
1094 538 -> 1903
1180 108 -> 1904
1399 322 -> 1905
1501 1021 -> 1906
1629 116 -> 1907
1820 1728 -> 1908
1890 264 -> 1909
99 605 -> 1910
111 120 -> 1911
271 116 -> 1912
283 495 -> 1913
291 1222 -> 1914
298 1846 -> 1915
301 99 -> 1916
306 97 -> 1917
314 116 -> 1918
324 467 -> 1919
328 650 -> 1920
334 367 -> 1921
337 420 -> 1922
338 99 -> 1923
340 1032 -> 1924
340 1460 -> 1925
344 1296 -> 1926
348 274 -> 1927
363 610 -> 1928
427 1020 -> 1929
430 303 -> 1930
578 109 -> 1931
614 389 -> 1932
649 267 -> 1933
653 400 -> 1934
842 1209 -> 1935
1109 412 -> 1936
1114 267 -> 1937
1116 1913 -> 1938
1148 115 -> 1939
1373 583 -> 1940
1534 115 -> 1941
1634 275 -> 1942
50 49 -> 1943
50 55 -> 1944
55 56 -> 1945
102 472 -> 1946
114 434 -> 1947
116 366 -> 1948
121 288 -> 1949
256 1263 -> 1950
270 447 -> 1951
271 327 -> 1952
276 271 -> 1953
276 462 -> 1954
276 505 -> 1955
286 267 -> 1956
291 471 -> 1957
291 542 -> 1958
298 425 -> 1959
306 344 -> 1960
306 467 -> 1961
322 121 -> 1962
363 927 -> 1963
417 494 -> 1964
428 1135 -> 1965
432 103 -> 1966
454 347 -> 1967
475 115 -> 1968
542 119 -> 1969
592 110 -> 1970
613 350 -> 1971
655 110 -> 1972
675 100 -> 1973
772 1335 -> 1974
935 1585 -> 1975
970 1833 -> 1976
1057 1209 -> 1977
1099 1018 -> 1978
1389 288 -> 1979
1421 906 -> 1980
1901 1707 -> 1981
52 48 -> 1982
101 102 -> 1983
110 264 -> 1984
117 284 -> 1985
117 1112 -> 1986
264 288 -> 1987
268 498 -> 1988
276 1257 -> 1989
282 398 -> 1990
294 109 -> 1991
294 745 -> 1992
299 425 -> 1993
317 1548 -> 1994
320 288 -> 1995
353 1544 -> 1996
375 387 -> 1997
379 1872 -> 1998
417 1538 -> 1999
446 512 -> 2000
453 527 -> 2001
488 914 -> 2002
658 922 -> 2003
763 1336 -> 2004
804 97 -> 2005
1089 627 -> 2006
1153 801 -> 2007
1188 1324 -> 2008
1321 390 -> 2009
1999 265 -> 2010
32 284 -> 2011
98 334 -> 2012
105 447 -> 2013
105 568 -> 2014
118 284 -> 2015
121 1021 -> 2016
270 734 -> 2017
288 918 -> 2018
294 1079 -> 2019
295 554 -> 2020
298 344 -> 2021
299 265 -> 2022
299 447 -> 2023
306 1401 -> 2024
377 114 -> 2025
377 365 -> 2026
377 462 -> 2027
379 338 -> 2028
393 407 -> 2029
442 300 -> 2030
480 1542 -> 2031
488 368 -> 2032
601 288 -> 2033
679 289 -> 2034
972 692 -> 2035
986 1879 -> 2036
1533 297 -> 2037
1586 1073 -> 2038
1732 264 -> 2039
2016 325 -> 2040
49 385 -> 2041
102 953 -> 2042
102 1293 -> 2043
116 111 -> 2044
258 508 -> 2045
265 321 -> 2046
294 1309 -> 2047
